272.0 36.0 27.0 0.0 0.0 1048.0 2235.0 558.0 0.0 0.2857142857142857 0.0 0.7142857142857143 1.0 0.0
279.0 36.0 27.0 0.0 0.0 1102.0 2277.0 585.0 0.3333333333333333 0.0 0.0 0.6666666666666666 1.0 0.0
287.0 38.0 30.0 0.0 0.0 1159.0 2430.0 603.0 0.25 0.0 0.0 0.75 0.90625 0.09375
297.0 39.0 30.0 0.0 0.0 1254.0 2573.0 648.0 0.1836734693877551 0.0 0.0 0.8163265306122449 0.8979591836734694 0.10204081632653061
306.0 39.0 38.0 0.0 0.0 1274.0 2618.0 667.0 0.0 0.0 0.0 1.0 1.0 0.0
309.0 39.0 38.0 0.0 0.0 1326.0 2662.0 677.0 0.125 0.0 0.0 0.875 1.0 0.0
309.0 39.0 38.0 0.0 0.0 1362.0 2698.0 677.0 0.7083333333333334 0.0 0.0 0.2916666666666667 0.5833333333333334 0.4166666666666667
312.0 40.0 38.0 0.0 0.0 1389.0 2731.0 682.0 0.15384615384615385 0.0 0.0 0.8461538461538461 0.8461538461538461 0.15384615384615385
312.0 40.0 38.0 0.0 0.0 1402.0 2740.0 682.0 0.0 0.0 0.1111111111111111 0.8888888888888888 0.8888888888888888 0.1111111111111111
354.0 49.0 40.0 0.0 1.0 1623.0 3149.0 810.0 0.37037037037037035 0.0 0.0 0.6296296296296297 0.8518518518518519 0.14814814814814814
396.0 62.0 47.0 0.0 1.0 2330.0 3514.0 1062.0 0.3835616438356164 0.0 0.0821917808219178 0.5342465753424658 0.726027397260274 0.273972602739726
396.0 63.0 47.0 0.0 0.0 2354.0 3532.0 1231.0 0.18181818181818182 0.0 0.0 0.8181818181818182 1.0 0.0
397.0 63.0 47.0 0.0 0.0 2376.0 3559.0 1254.0 0.42857142857142855 0.0 0.0 0.5714285714285714 0.7142857142857143 0.2857142857142857
417.0 71.0 51.0 0.0 0.0 2407.0 3739.0 1264.0 0.21739130434782608 0.0 0.043478260869565216 0.7391304347826086 0.8695652173913043 0.13043478260869565
419.0 71.0 51.0 0.0 0.0 2415.0 3751.0 1269.0 1.0 0.0 0.0 0.0 0.0 1.0
420.0 71.0 51.0 0.0 0.0 2415.0 3762.0 1275.0 0.6 0.0 0.0 0.4 1.0 0.0
422.0 71.0 51.0 0.0 0.0 2426.0 3777.0 1280.0 0.5 0.0 0.0 0.5 0.8333333333333334 0.16666666666666666
422.0 71.0 51.0 0.0 0.0 2429.0 3788.0 1286.0 0.2 0.0 0.0 0.8 0.8 0.2
423.0 71.0 51.0 0.0 0.0 2445.0 3818.0 1292.0 0.2857142857142857 0.0 0.0 0.7142857142857143 0.8571428571428571 0.14285714285714285
427.0 71.0 51.0 0.0 0.0 2486.0 3844.0 1293.0 0.14285714285714285 0.0 0.0 0.8571428571428571 0.8571428571428571 0.14285714285714285
431.0 71.0 51.0 0.0 0.0 2504.0 3878.0 1318.0 0.4117647058823529 0.0 0.0 0.5882352941176471 0.7647058823529411 0.23529411764705882
436.0 72.0 51.0 0.0 0.0 2509.0 3902.0 1318.0 0.375 0.0 0.0 0.625 0.875 0.125
438.0 72.0 51.0 0.0 0.0 2541.0 3917.0 1323.0 0.0 0.0 0.0 1.0 1.0 0.0
441.0 72.0 52.0 0.0 0.0 2553.0 3944.0 1324.0 0.3333333333333333 0.0 0.0 0.6666666666666666 1.0 0.0
444.0 72.0 53.0 0.0 0.0 2583.0 3985.0 1338.0 0.44 0.0 0.0 0.56 0.88 0.12
447.0 72.0 53.0 0.0 0.0 2623.0 4025.0 1339.0 0.42857142857142855 0.0 0.0 0.5714285714285714 0.9285714285714286 0.07142857142857142
449.0 72.0 53.0 0.0 0.0 2655.0 4074.0 1341.0 0.3157894736842105 0.0 0.10526315789473684 0.5789473684210527 0.8421052631578947 0.15789473684210525
450.0 72.0 53.0 0.0 0.0 2704.0 4097.0 1347.0 0.5 0.0 0.0 0.5 0.75 0.25
508.0 87.0 97.0 0.0 1.0 3069.0 4561.0 1552.0 0.3888888888888889 0.0 0.037037037037037035 0.5740740740740741 0.8518518518518519 0.14814814814814814
508.0 87.0 97.0 0.0 0.0 3077.0 4582.0 1556.0 0.125 0.0 0.0 0.875 1.0 0.0
513.0 87.0 97.0 0.0 0.0 3117.0 4598.0 1560.0 0.0 0.0 0.0 1.0 1.0 0.0
527.0 88.0 97.0 0.0 0.0 3293.0 4824.0 1636.0 0.4935064935064935 0.0 0.03896103896103896 0.4675324675324675 0.7662337662337663 0.23376623376623376
532.0 88.0 99.0 0.0 0.0 3334.0 4879.0 1650.0 0.14285714285714285 0.0 0.0 0.8571428571428571 0.8571428571428571 0.14285714285714285
551.0 95.0 109.0 0.0 0.0 3435.0 5061.0 1714.0 0.2692307692307692 0.0 0.0 0.7307692307692307 0.8076923076923077 0.19230769230769232
554.0 96.0 109.0 0.0 0.0 3443.0 5081.0 1715.0 0.2727272727272727 0.0 0.0 0.7272727272727273 1.0 0.0
559.0 96.0 109.0 0.0 0.0 3498.0 5207.0 1754.0 0.4146341463414634 0.0 0.0 0.5853658536585366 0.6585365853658537 0.34146341463414637
575.0 102.0 112.0 0.0 0.0 3624.0 5466.0 1851.0 0.21428571428571427 0.0 0.2857142857142857 0.5 0.6428571428571429 0.35714285714285715
580.0 102.0 112.0 0.0 0.0 3639.0 5528.0 1856.0 0.4666666666666667 0.0 0.0 0.5333333333333333 0.8 0.2
584.0 102.0 112.0 0.0 0.0 3984.0 5645.0 1919.0 0.5517241379310345 0.0 0.1724137931034483 0.27586206896551724 0.7586206896551724 0.2413793103448276
595.0 102.0 112.0 0.0 0.0 4192.0 5821.0 1993.0 0.43636363636363634 0.0 0.0 0.5636363636363636 0.8545454545454545 0.14545454545454545
615.0 103.0 114.0 0.0 0.0 4373.0 6129.0 2012.0 0.6 0.015384615384615385 0.0 0.38461538461538464 0.9538461538461539 0.046153846153846156
620.0 103.0 115.0 0.0 0.0 4414.0 6212.0 2025.0 0.4444444444444444 0.0 0.0 0.5555555555555556 0.8888888888888888 0.1111111111111111
624.0 103.0 116.0 0.0 0.0 4477.0 6289.0 2076.0 0.4411764705882353 0.0 0.0 0.5588235294117647 0.8235294117647058 0.17647058823529413
624.0 104.0 116.0 0.0 0.0 4490.0 6294.0 2083.0 0.3333333333333333 0.0 0.0 0.6666666666666666 1.0 0.0
625.0 104.0 116.0 0.0 0.0 4505.0 6314.0 2094.0 0.4444444444444444 0.0 0.0 0.5555555555555556 0.8888888888888888 0.1111111111111111
627.0 104.0 116.0 0.0 0.0 4511.0 6330.0 2094.0 0.3333333333333333 0.0 0.0 0.6666666666666666 1.0 0.0
630.0 104.0 117.0 0.0 0.0 4557.0 6373.0 2118.0 0.15384615384615385 0.0 0.15384615384615385 0.6923076923076923 0.9230769230769231 0.07692307692307693
631.0 104.0 118.0 0.0 0.0 4575.0 6427.0 2122.0 0.47619047619047616 0.0 0.0 0.5238095238095238 0.9047619047619048 0.09523809523809523
658.0 105.0 118.0 0.0 0.0 4689.0 6590.0 2129.0 0.07142857142857142 0.0 0.07142857142857142 0.8571428571428571 1.0 0.0
664.0 105.0 119.0 0.0 0.0 4729.0 6641.0 2135.0 0.17647058823529413 0.0 0.0 0.8235294117647058 0.8823529411764706 0.11764705882352941
675.0 107.0 119.0 0.0 0.0 4757.0 6669.0 2181.0 0.0 0.0 0.0 1.0 1.0 0.0
683.0 107.0 120.0 0.0 0.0 4820.0 6771.0 2220.0 0.21212121212121213 0.0 0.030303030303030304 0.7575757575757576 0.9393939393939394 0.06060606060606061
689.0 108.0 120.0 0.0 0.0 4838.0 6804.0 2237.0 0.3333333333333333 0.0 0.0 0.6666666666666666 1.0 0.0
689.0 108.0 120.0 0.0 0.0 4838.0 6814.0 2237.0 0.2 0.0 0.0 0.8 1.0 0.0
697.0 108.0 121.0 0.0 0.0 4901.0 7008.0 2279.0 0.56 0.0 0.0 0.44 0.76 0.24
712.0 119.0 123.0 0.0 0.0 5056.0 7269.0 2495.0 0.44680851063829785 0.010638297872340425 0.06382978723404255 0.4787234042553192 0.8723404255319149 0.1276595744680851
715.0 120.0 123.0 0.0 0.0 5070.0 7276.0 2500.0 0.0 0.0 0.0 1.0 1.0 0.0
724.0 121.0 123.0 0.0 0.0 5094.0 7339.0 2525.0 0.16666666666666666 0.0 0.16666666666666666 0.6666666666666666 0.9166666666666666 0.08333333333333333
728.0 121.0 123.0 0.0 0.0 5120.0 7367.0 2535.0 0.17647058823529413 0.0 0.0 0.8235294117647058 1.0 0.0
730.0 122.0 124.0 0.0 0.0 5153.0 7383.0 2537.0 0.42857142857142855 0.0 0.0 0.5714285714285714 1.0 0.0
731.0 122.0 124.0 0.0 0.0 5164.0 7405.0 2546.0 0.18181818181818182 0.0 0.0 0.8181818181818182 0.9090909090909091 0.09090909090909091
731.0 122.0 124.0 0.0 0.0 5166.0 7416.0 2549.0 0.3333333333333333 0.0 0.0 0.6666666666666666 0.8333333333333334 0.16666666666666666
731.0 122.0 124.0 0.0 0.0 5185.0 7429.0 2579.0 0.36363636363636365 0.0 0.09090909090909091 0.5454545454545454 0.7272727272727273 0.2727272727272727
733.0 122.0 124.0 0.0 0.0 5190.0 7454.0 2579.0 0.125 0.0 0.0 0.875 1.0 0.0
762.0 122.0 124.0 0.0 0.0 5284.0 8042.0 2723.0 0.8148148148148148 0.0 0.0 0.18518518518518517 0.8740740740740741 0.1259259259259259
779.0 127.0 134.0 0.0 0.0 5361.0 8251.0 2808.0 0.4189189189189189 0.02702702702702703 0.0 0.5540540540540541 0.8108108108108109 0.1891891891891892
779.0 127.0 135.0 0.0 0.0 5380.0 8267.0 2810.0 0.3 0.0 0.0 0.7 0.8 0.2
781.0 127.0 135.0 0.0 0.0 5389.0 8282.0 2811.0 0.5 0.0 0.16666666666666666 0.3333333333333333 0.8333333333333334 0.16666666666666666
795.0 133.0 140.0 0.0 0.0 5467.0 8446.0 2900.0 0.10344827586206896 0.034482758620689655 0.034482758620689655 0.8275862068965517 0.9655172413793104 0.034482758620689655
797.0 133.0 140.0 0.0 0.0 5482.0 8459.0 2901.0 0.0 0.0 0.0 1.0 1.0 0.0
797.0 133.0 140.0 0.0 0.0 5573.0 8468.0 2968.0 1.0 0.0 0.0 0.0 0.7142857142857143 0.2857142857142857
798.0 133.0 141.0 0.0 0.0 5628.0 8531.0 2973.0 0.5555555555555556 0.0 0.0 0.4444444444444444 0.8518518518518519 0.14814814814814814
799.0 133.0 141.0 0.0 0.0 5639.0 8542.0 2976.0 0.25 0.0 0.0 0.75 1.0 0.0
802.0 133.0 141.0 0.0 0.0 5660.0 8585.0 2990.0 0.5714285714285714 0.0 0.0 0.42857142857142855 0.8571428571428571 0.14285714285714285
825.0 135.0 142.0 0.0 0.0 5675.0 8616.0 2999.0 0.4 0.0 0.0 0.6 0.9 0.1
842.0 145.0 142.0 0.0 0.0 5782.0 8712.0 3004.0 0.5 0.0 0.05 0.45 0.75 0.25
862.0 154.0 150.0 0.0 0.0 5842.0 8893.0 3093.0 0.12903225806451613 0.0 0.0 0.8709677419354839 0.967741935483871 0.03225806451612903
902.0 166.0 168.0 0.0 0.0 6062.0 9316.0 3208.0 0.5833333333333334 0.0 0.010416666666666666 0.40625 0.7708333333333334 0.22916666666666666
987.0 187.0 171.0 0.0 0.0 6326.0 10252.0 4341.0 0.37606837606837606 0.0 0.09401709401709402 0.5299145299145299 0.8547008547008547 0.1452991452991453
1032.0 195.0 173.0 0.0 0.0 6348.0 10597.0 4432.0 0.1917808219178082 0.0 0.0 0.8082191780821918 0.9726027397260274 0.0273972602739726
1050.0 198.0 173.0 0.0 0.0 6348.0 10643.0 4432.0 0.0 0.0 0.0 1.0 1.0 0.0
1055.0 198.0 173.0 0.0 0.0 6365.0 10670.0 4434.0 0.2 0.0 0.0 0.8 1.0 0.0
1077.0 199.0 181.0 0.0 0.0 6365.0 10735.0 4438.0 0.6666666666666666 0.0 0.0 0.3333333333333333 1.0 0.0
1080.0 199.0 181.0 0.0 0.0 6389.0 10758.0 4458.0 0.375 0.0 0.0 0.625 1.0 0.0
1184.0 225.0 181.0 0.0 0.0 6412.0 11290.0 4520.0 0.29508196721311475 0.0 0.08196721311475409 0.6229508196721312 0.9508196721311475 0.04918032786885246
1189.0 226.0 188.0 0.0 0.0 6479.0 11388.0 4627.0 0.1 0.0 0.0 0.9 0.9 0.1
1208.0 231.0 196.0 0.0 0.0 6570.0 11569.0 4682.0 0.23529411764705882 0.0 0.029411764705882353 0.7352941176470589 0.7647058823529411 0.23529411764705882
1223.0 236.0 198.0 0.0 0.0 6642.0 11775.0 4724.0 0.08333333333333333 0.0 0.16666666666666666 0.75 0.75 0.25
1322.0 250.0 198.0 0.0 0.0 6789.0 12259.0 4732.0 0.21212121212121213 0.0 0.0 0.7878787878787878 0.9090909090909091 0.09090909090909091
1329.0 250.0 198.0 0.0 0.0 6813.0 12331.0 4732.0 0.1875 0.0 0.125 0.6875 0.875 0.125
1331.0 250.0 198.0 0.0 0.0 6818.0 12342.0 4740.0 0.16666666666666666 0.0 0.0 0.8333333333333334 1.0 0.0
1335.0 250.0 198.0 0.0 0.0 6850.0 12375.0 4757.0 0.5714285714285714 0.0 0.0 0.42857142857142855 1.0 0.0
1338.0 250.0 198.0 0.0 0.0 6913.0 12421.0 4789.0 0.6363636363636364 0.0 0.0 0.36363636363636365 0.8181818181818182 0.18181818181818182
1391.0 253.0 198.0 0.0 0.0 7181.0 12675.0 4937.0 0.28205128205128205 0.0 0.10256410256410256 0.6153846153846154 0.8205128205128205 0.1794871794871795
1395.0 254.0 199.0 0.0 0.0 7216.0 12749.0 4956.0 0.7368421052631579 0.0 0.0 0.2631578947368421 0.5263157894736842 0.47368421052631576
1397.0 254.0 202.0 0.0 0.0 7242.0 12763.0 4959.0 0.5384615384615384 0.0 0.0 0.46153846153846156 0.6153846153846154 0.38461538461538464
1427.0 273.0 202.0 0.0 0.0 7274.0 12970.0 5022.0 0.15625 0.0 0.0 0.84375 1.0 0.0
1434.0 275.0 202.0 0.0 0.0 7297.0 13030.0 5078.0 0.0 0.125 0.0 0.875 1.0 0.0
1489.0 285.0 220.0 0.0 0.0 7402.0 13357.0 5096.0 0.5961538461538461 0.0 0.009615384615384616 0.3942307692307692 0.49038461538461536 0.5096153846153846
1490.0 285.0 220.0 0.0 0.0 7406.0 13368.0 5098.0 0.2 0.0 0.0 0.8 1.0 0.0
